010011110110011000101011100110000000
000101110111011000101011100110000000
001101110111011010101011100110000000
001011110010111010101011100110000000
010011110110111010101011100110000000
001111110111111000111001010110000000
010011110010011010101011100110000000
010111110010101011110001100110000000
011011110011101010101001100110000000
010011110011011010101001100110000000
001111110111011010101001100110000000
010101110011011011101001100110000000
001101110111001011110000100100000000
011111010011001011110000100100000000
000101110111101001101010100100000000
000111110010111011011011000100000000
000111110010111011101010100100000000
001011110011011010011011000100000000
001101110011011000011011000100000000
000101110101011010001000100100000000
000101110011011011110011000100000000
010001110101101011110010100100000000
001101110000111011010011000100000000
010001110000111011010011000100000000
000001110011011011010011000100000000
000001110100011011010011000100000000
011110110010101011010011000100000000
001011110001111010001000100100000000
000100110101101010010011000100000000
011101110111001010010011000100000000
000101110111001010010011000100000000
010101110101001010010011000100000000
010001110001001010010011000100000000
000011110111011010011011000100000000
000100110100011001110011100100000000
000101110011011011010011000100000000
001110010011110010010011000100000000
001101110111001000010011000100000000
001001110011001000010011000100000000
010101110000111011010011000100000000
000011110110111001011011100100000000
000001110011001011010011000100000000
011001110110101011110010100100000000
001111110110111011001010100100000000
000101110000111011010011000100000000
010011110001101010110010100100000000
001001110000111011010011000100000000
010010010101110010010011000100000000
000010110010101011010011000100000000
010111110101101010101001100110000000
000001110110011011010011000100000000
010011110010111011011011000100000000
000011110101011010001000100100000000
000111110100111011011010110100000000
000111110000111011010011000100000000
010011110010111001011011100100000000
010011110011011010110010100100000000
000101110100111011101010100100000000
001011110001011010011011100100000000
001000110001101010110010100100000000
000101110011011011011011000100000000
000011110111011010001000100100000000
000111110110101011001000100100000000
010111110110101011001000100100000000
001100110001101011001000100100000000
010001110001101011001000100100000000
000111110011101011001000100100000000
000101110111101011001000100100000000
010100110001101001101000100100000000
001110110011101001101000100100000000
010010110001101010110010100100000000
001111110110111000111011010110000000
010001110101110001010011000000000000
010111010111110001010011000000000000
000010110110011010110010100100000000
001001110111001010110010100100000000
011101010110110001010011000000000000
001001010110110001010011000000000000
000001010110110001010011000000000000
010100110100110001010011000000000000
011101010111001001010011000000000000
011000110100110001010011000000000000
010000110100110001010011000000000000
001011110001101010110010100100000000
011010110100011001110011100100000000
000011110110001000010011000100000000
001101110111001011110010100100000000
001010010110110001010011000000000000
011100110100011001100011000000000000
000001110011101011010011000000000000
001001110011001010010011000100000000
000010010100110001010011000000000000
001110110101010001100011000000000000
001011110011011010010011000100000000
001101110111011000101010100100000000
010001110001101001101010100100000000
000011110111011000011011100100000000
011011110111010001100011000000000000
000101110000111011110010100100000000
000111110100111011101010100100000000
000011110111011010011011100100000000
001011110010111011101010100100000000
001011110011011000011011100100000000
011111010011110010110010000000000000
001010010000110001010011000000000000
011100110100110001010011000000000000
001101010011001011110000100100000000
000010010110110001010011000000000000
011000110101110001010011000000000000
011001110000111001101010100100000000
000101110100111001010011000000000000
001100110101110011010011000000000000
010011110011011000011011100100000000
010101110000111011101010100100000000
011011010110101001010011000000000000
000110110110011000101010100100000000
001011110011011010101010100100000000
010101010011110010110010000000000000
011010110010011000011011100100000000
001101110011011001110011000000000000
000100110111110011100010000000000000
000111110000111011110010100100000000
001001110100111011100010000000000000
010111110111001010110010100100000000
010111110101111011101011100000000000
010101010110110001010011000000000000
001011110010111001011000110100000000
000010110010101011010011000000000000
000011110110111011011011100100000000
000001110001101011110010100100000000
010011110110011010101010100100000000
001010110001101010110010100100000000
010011110111011011101011100000000000
010010010110110001010011000000000000
010010010100110001010011000000000000
011001110001011010110010100100000000
000111110110111001011000110100000000
000110110111101010101001100110000000
000111110101101011001000100100000000
000111110010111011011011000000000000
000111110110111011011011100100000000
010001110000101011110010100100000000
010110110100011000011011100100000000
000111110011111001011000110100000000
000111110011001011110000100100000000
000001110011101011010011000100000000
011010010110110001010011000000000000
000011110101100010000000000000000000
001000110101101001110011100100000000
000001110101101011010011000000000000
000011110111011010101010100100000000
000111110001111011011011100100000000
001101110000111011110010100100000000
000111110011111011001000100100000000
011010010000110001010011000000000000
000011110011011000101010100100000000
000011110010001011110000100100000000
001011110110111011011011010110000000
010000110011100011000000000000000000
011011110011011001110011000000000000
011101110011101001101010100100000000
000101110111011001011011000000000000
010110110101110001010011000000000000
010110110101010001100011000000000000
011110010100110001010011000000000000
001110010100110001010011000000000000
011101110101101000110010100100000000
010111110011001011110010100100000000
011110010000110001010011000000000000
000111110110111011001000100100000000
000111110100111001101010100100000000
010011110000111011010011000000000000
010011110111011010110010100100000000
011000110101001001010011000000000000
010011010111001010010011000100000000
011100110101001001010011000000000000
010101010111001001010011000000000000
000001110111001001010011000000000000
010001110000111001101010100100000000
001010110010101001010011000000000000
000111110100111001011000110100000000
011101110011011010110010100100000000
001001110111101001010011000000000000
010111010001110011010011000000000000
010101010111110011010011000000000000
001011110011011000101010100100000000
000011110010101011010011000000000000
000011110101011011101011100100000000
001111110011111010101001100110000000
010101110111011001011011100100000000
010001110001101011010011000000000000
001001110101101011010011000000000000
000011110110011010001000100100000000
010001110000111011010011000000000000
001001110000111011010011000000000000
001011110000111011010011000000000000
001011110101111000111010110100000000
010101110011011011011011100100000000
010101110100111000111010100100000000
001101010101110010110010000000000000
000110110000101011110010100100000000
010110110001101001110011000000000000
011000110011101001110011000000000000
011010110111101001110011000000000000
001010110010011001110011000000000000
001110110010011001110011000000000000
001011110001011010110010100100000000
010101110101011001101011100000000000
000001110010101011110010100100000000
010111110101111010111010110100000000
000111110101011010011000110100000000
000011110010101011010011000100000000
000111110100111001011010110100000000
000101110011011011110011000000000000
001110010000110001010011000000000000
010100110001101001101010100100000000
011010110101101011110011100000000000
000111010101101000110010100100000000
001101110011011001011011000000000000
000101110011011011011011000000000000
010011110010111011011011000000000000
000101110011011011101010100100000000
011110110101101001110011100000000000
000001110101101011110010100100000000
011001110011001010010011000100000000
010011110010111011011000110100000000
001110110000011001101011100100000000
010011110110111011011011100100000000
011000110100011001110011100100000000
000110110101101011110010100100000000
001100110100011001110011100100000000
001011110011011010011011100100000000
010110110101011000011011100100000000
010100110100011000011011100100000000
000111110010111000111010100100000000
011110110001101011110010100100000000
000011110110111001101010100100000000
011001110101011011110011100100000000
001011110100011001110011100100000000
000111110011111000111010100100000000
000101110100111000111010100100000000
001110110011011000101010100100000000
010011110010111011101010100100000000
011100110111101001101010100100000000
011110110011101001101010100100000000
011100110001101001101010100100000000
001111110111111010101010100100000000
010101110100111011001010100100000000
010001110100101011110010100100000000
010010110100101011110010100100000000
000111110011011000101010100100000000
000101110101011011101011100100000000
000110110111101010110010100100000000
000000110101101010110010100100000000
000110110001101010110010100100000000
010011010001101010110010100100000000
